000000
000003
000004
000007
000009
000011
000012
000015
000016
000017
000018
000019
000020
000021
000023
000027
000030
000031
000033
000034
000036
000037
000040
000043
000044
000045
000046
000048
000049
000050
000053
000054
000055
000056
000057
000058
000059
000061
000062
000063
000064
000065
000067
000068
000069
000070
000071
000072
000073
000074
000076
000077
000078
000084
000085
000087
000088
000089
000090
000091
000092
000094
000095
000097
000098
000099
000103
000104
000106
000107
000112
000114
000115
000116
000119
000120
000121
000124
000125
000126
000129
000132
000134
000135
000136
000137
000138
000139
000140
000141
000142
000143
000144
000148
000149
000150
000152
000154
000155
000157
000159
000160
000161
000165
000167
000169
000170
000172
000173
000176
000178
000179
000182
000183
000184
000185
000188
000191
000193
000194
000195
000196
000197
000198
000199
000200
000201
000202
000204
000206
000209
000211
000212
000215
000216
000217
000218
000219
000220
000222
000223
000224
000225
000226
000227
000228
000230
000231
000236
000238
000243
000245
000246
000250
000251
000252
000253
000256
000257
000261
000264
000265
000266
000267
000269
000270
000272
000273
000274
000275
000277
000279
000285
000287
000288
000289
000293
000294
000295
000296
000299
000301
000302
000303
000304
000306
000307
000309
000312
000313
000314
000315
000316
000318
000319
000323
000324
000325
000327
000331
000332
000333
000334
000336
000337
000338
000340
000341
000342
000344
000345
000346
000348
000349
000351
000352
000353
000357
000359
000360
000361
000362
000363
000364
000365
000366
000368
000369
000370
000373
000374
000375
000376
000380
000381
000385
000387
000388
000389
000390
000393
000395
000398
000399
000400
000402
000404
000406
000407
000408
000410
000411
000412
000414
000415
000420
000422
000423
000426
000427
000428
000429
000430
000431
000433
000434
000437
000439
000440
000441
000445
000446
000448
000450
000451
000452
000454
000455
000457
000459
000461
000463
000464
000466
000467
000470
000471
000475
000476
000477
000479
000480
000481
000482
000483
000484
000485
000486
000487
000488
000489
000490
000493
000496
000499
000500
000501
000502
000503
000504
000505
000506
000507
000509
000513
000518
000519
000520
000523
000524
000526
000527
000528
000529
000530
000531
000532
000533
000534
000537
000538
000539
000540
000543
000545
000547
000548
000549
000552
000553
000556
000558
000559
000560
000562
000563
000564
000565
000567
000568
000570
000572
000573
000575
000576
000577
000578
000580
000581
000583
000584
000586
000587
000588
000592
000593
000594
000595
000597
000599
000600
000601
000605
000607
000609
000611
000612
000613
000614
000615
000616
000618
000620
000621
000623
000628
000630
000631
000632
000635
000637
000638
000639
000640
000641
000642
000643
000645
000648
000649
000650
000654
000656
000658
000659
000663
000664
000667
000668
000671
000673
000678
000679
000680
000683
000684
000685
000686
000688
000689
000690
000691
000692
000693
000694
000696
000698
000699
000701
000702
000703
000705
000706
000707
000708
000709
000710
000711
000713
000714
000715
000716
000717
000718
000719
000722
000723
000724
000726
000727
000728
000729
000730
000732
000733
000735
000736
000737
000738
000741
000742
000743
000745
000746
000747
000748
000749
000750
000752
000753
000754
000756
000757
000758
000759
000760
000762
000763
000764
000765
000766
000767
000768
000769
000770
000771
000772
000773
000774
000775
000776
000780
000781
000782
000783
000786
000788
000789
000790
000792
000793
000794
000795
000797
000798
000799
000800
000801
000802
000803
000804
000805
000806
000808
000809
000810
000811
000813
000818
000819
000821
000822
000825
000826
000829
000830
000831
000834
000835
000837
000838
000839
000840
000841
000842
000844
000845
000848
000849
000850
000851
000853
000854
000855
000856
000857
000859
000861
000863
000865
000869
000872
000874
000879
000880
000882
000883
000885
000886
000887
000888
000889
000890
000893
000894
000900
000901
000904
000907
000908
000909
000910
000912
000915
000916
000919
000921
000923
000924
000925
000926
000927
000928
000930
000934
000935
000936
000939
000940
000941
000943
000944
000945
000948
000949
000950
000951
000954
000955
000956
000957
000958
000964
000965
000966
000967
000970
000971
000972
000973
000976
000981
000982
000983
000984
000985
000987
000988
000989
000990
000993
000996
000997
001001
001004
001006
001009
001013
001017
001019
001021
001025
001026
001027
001030
001031
001032
001034
001035
001036
001037
001038
001039
001040
001041
001042
001044
001045
001046
001047
001048
001050
001051
001052
001054
001055
001056
001057
001059
001060
001063
001064
001066
001067
001071
001073
001075
001077
001079
001080
001082
001088
001089
001090
001091
001094
001095
001098
001100
001101
001102
001103
001104
001107
001108
001109
001110
001113
001114
001116
001118
001119
001120
001121
001122
001123
001125
001128
001129
001132
001134
001136
001144
001146
001147
001148
001149
001150
001151
001153
001155
001156
001157
001158
001159
001160
001161
001163
001166
001169
001171
001172
001173
001174
001176
001177
001179
001182
001183
001184
001186
001187
001188
001189
001190
001192
001193
001194
001195
001196
001197
001199
001201
001203
001204
001206
001208
001209
001210
001212
001213
001214
001217
001219
001221
001225
001227
001229
001231
001233
001234
001237
001238
001240
001242
001243
001245
001246
001247
001249
001251
001252
001253
001254
001255
001256
001257
001258
001260
001261
001263
001264
001265
001267
001268
001269
001270
001272
001273
001278
001279
001282
001283
001287
001290
001291
001293
001294
001296
001297
001298
001301
001302
001303
001304
001305
001307
001308
001310
001311
001312
001313
001314
001315
001316
001317
001318
001321
001323
001324
001325
001329
001330
001332
001333
001335
001337
001339
001341
001342
001343
001345
001347
001348
001349
001350
001351
001357
001358
001361
001362
001363
001364
001365
001367
001368
001369
001370
001371
001373
001374
001379
001381
001383
001385
001386
001387
001388
001390
001391
001392
001395
001396
001398
001399
001400
001401
001402
001403
001406
001409
001412
001417
001418
001419
001421
001423
001424
001425
001426
001427
001431
001434
001435
001436
001437
001441
001442
001443
001444
001445
001446
001449
001452
001454
001456
001458
001459
001460
001461
001462
001463
001464
001466
001467
001468
001469
001471
001472
001473
001475
001476
001478
001479
001480
001484
001485
001487
001488
001489
001490
001492
001495
001496
001497
001498
001499
001500
001501
001502
001503
001505
001506
001507
001508
001509
001511
001514
001518
001519
001520
001522
001523
001524
001525
001526
001528
001530
001532
001534
001535
001536
001538
001539
001540
001542
001543
001544
001545
001546
001547
001551
001553
001555
001559
001561
001564
001567
001569
001570
001571
001573
001574
001575
001578
001579
001580
001581
001583
001584
001585
001586
001587
001589
001590
001591
001593
001594
001596
001598
001600
001601
001602
001603
001604
001605
001606
001607
001608
001609
001610
001611
001612
001614
001615
001616
001617
001618
001622
001625
001626
001627
001628
001629
001630
001631
001633
001638
001639
001640
001641
001644
001645
001647
001650
001651
001652
001654
001655
001657
001658
001659
001660
001662
001665
001668
001670
001671
001673
001674
001675
001676
001677
001678
001679
001680
001681
001684
001685
001687
001690
001691
001693
001694
001695
001696
001698
001700
001701
001702
001704
001706
001707
001708
001709
001710
001711
001713
001714
001715
001719
001721
001723
001724
001725
001727
001730
001735
001736
001737
001738
001739
001740
001742
001743
001744
001745
001746
001748
001749
001750
001752
001753
001757
001758
001759
001763
001767
001768
001769
001770
001771
001772
001773
001774
001776
001777
001781
001782
001788
001789
001790
001791
001792
001793
001795
001796
001797
001799
001800
001802
001803
001804
001805
001806
001807
001808
001810
001813
001814
001816
001817
001818
001819
001820
001822
001823
001824
001825
001827
001828
001829
001830
001831
001832
001833
001834
001835
001836
001838
001840
001841
001842
001844
001845
001847
001848
001850
001851
001852
001853
001854
001855
001856
001859
001861
001866
001867
001868
001870
001871
001873
001874
001875
001878
001882
001886
001887
001888
001889
001890
001892
001895
001896
001897
001899
001900
001901
001905
001906
001907
001909
001910
001911
001913
001915
001916
001918
001919
001920
001921
001922
001923
001924
001925
001928
001929
001931
001932
001934
001935
001940
001942
001943
001945
001948
001949
001950
001951
001954
001955
001956
001957
001958
001959
001960
001961
001962
001963
001964
001965
001967
001968
001969
001970
001972
001973
001974
001975
001976
001977
001978
001979
001982
001983
001986
001987
001991
001992
001994
001995
001996
001998
002000
002002
002003
002004
002005
002006
002009
002010
002011
002012
002013
002014
002015
002017
002018
002019
002020
002022
002023
002025
002026
002027
002028
002030
002032
002033
002034
002035
002036
002037
002038
002039
002040
002041
002042
002043
002045
002046
002047
002048
002049
002052
002053
002054
002055
002056
002057
002058
002061
002062
002063
002065
002068
002071
002073
002074
002075
002076
002078
002081
002082
002083
002084
002085
002088
002089
002090
002091
002092
002095
002096
002097
002098
002100
002101
002102
002103
002104
002106
002110
002112
002113
002114
002115
002116
002117
002120
002122
002123
002124
002125
002126
002127
002128
002130
002131
002132
002133
002134
002136
002139
002140
002142
002145
002146
002147
002148
002149
002151
002152
002153
002154
002155
002156
002157
002158
002159
002160
002162
002163
002164
002165
002169
002170
002171
002173
002174
002176
002177
002179
002180
002183
002184
002185
002186
002188
002189
002190
002192
002195
002198
002200
002201
002203
002204
002206
002210
002213
002217
002218
002219
002221
002222
002224
002226
002227
002228
002230
002231
002235
002238
002241
002242
002243
002245
002246
002247
002248
002250
002252
002255
002257
002258
002262
002264
002265
002267
002270
002272
002274
002275
002277
002278
002280
002282
002283
002284
002285
002286
002287
002289
002290
002291
002292
002295
002296
002301
002302
002303
002304
002305
002307
002308
002309
002310
002311
002312
002313
002314
002316
002317
002319
002322
002324
002325
002326
002327
002328
002330
002331
002334
002335
002336
002337
002340
002341
002342
002343
002344
002348
002350
002351
002352
002353
002354
002355
002357
002361
002362
002363
002367
002368
002369
002370
002373
002374
002375
002376
002377
002379
002380
002381
002383
002384
002385
002386
002387
002388
002389
002391
002395
002398
002399
002400
002402
002403
002404
002405
002406
002407
002408
002411
002412
002414
002417
002419
002421
002422
002423
002424
002426
002427
002428
002429
002431
002433
002434
002435
002436
002438
002441
002443
002445
002447
002448
002449
002450
002451
002452
002454
002455
002456
002457
002458
002459
002461
002462
002464
002466
002468
002471
002474
002476
002477
002478
002479
002481
002483
002485
002486
002487
002490
002491
002492
002493
002496
002497
002501
002502
002504
002508
002509
002510
002511
002514
002515
002517
002518
002519
002520
002521
002522
002523
002524
002526
002528
002529
002531
002532
002534
002536
002538
002539
002541
002542
002543
002544
002546
002547
002548
002549
002550
002554
002555
002556
002557
002558
002559
002560
002562
002565
002566
002571
002573
002576
002578
002579
002582
002583
002586
002587
002588
002589
002590
002591
002593
002594
002598
002601
002602
002604
002605
002606
002607
002608
002609
002610
002612
002613
002614
002616
002620
002623
002624
002627
002628
002629
002630
002631
002633
002635
002637
002638
002639
002640
002641
002642
002643
002644
002645
002647
002650
002651
002652
002655
002656
002658
002659
002662
002663
002664
002665
002667
002668
002670
002671
002672
002673
002674
002677
002678
002679
002680
002681
002682
002683
002685
002686
002688
002689
002691
002692
002693
002694
002697
002698
002699
002703
002704
002705
002707
002708
002710
002711
002712
002714
002715
002716
002717
002718
002719
002720
002722
002725
002726
002727
002729
002730
002732
002734
002735
002736
002737
002738
002739
002742
002743
002744
002745
002746
002747
002748
002749
002750
002752
002753
002755
002756
002757
002758
002759
002760
002762
002768
002769
002770
002771
002772
002773
002774
002775
002776
002777
002780
002781
002782
002783
002784
002785
002788
002789
002790
002791
002792
002793
002795
002796
002797
002799
002800
002801
002804
002805
002807
002809
002812
002813
002814
002816
002817
002818
002819
002820
002821
002822
002825
002826
002830
002831
002832
002833
002834
002836
002837
002839
002843
002844
002846
002847
002848
002850
002851
002853
002854
002855
002856
002858
002860
002861
002862
002863
002866
002867
002868
002870
002871
002873
002874
002876
002878
002879
002882
002883
002884
002887
002890
002891
002892
002894
002895
002897
002898
002901
002902
002903
002904
002905
002906
002907
002908
002910
002911
002912
002913
002914
002915
002916
002917
002918
002923
002924
002926
002927
002928
002930
002931
002935
002941
002942
002943
002944
002945
002946
002947
002948
002949
002950
002951
002954
002957
002959
002961
002962
002963
002965
002968
002971
002974
002976
002977
002978
002979
002980
002981
002982
002983
002984
002986
002987
002989
002990
002991
002995
002996
002997
002998
002999
003000
003002
003003
003006
003007
003009
003010
003011
003013
003016
003017
003018
003019
003022
003024
003025
003026
003027
003029
003032
003034
003035
003036
003040
003041
003042
003043
003044
003045
003048
003049
003052
003053
003054
003055
003056
003057
003060
003061
003062
003063
003064
003065
003066
003067
003068
003069
003070
003072
003073
003074
003076
003077
003078
003079
003080
003081
003085
003086
003087
003088
003089
003090
003095
003096
003097
003098
003099
003100
003101
003102
003104
003105
003106
003107
003108
003109
003110
003112
003113
003114
003115
003116
003117
003118
003119
003122
003126
003127
003128
003129
003130
003131
003132
003133
003134
003135
003136
003137
003138
003139
003140
003141
003143
003144
003147
003148
003149
003150
003151
003152
003153
003154
003156
003157
003158
003160
003161
003162
003163
003165
003166
003168
003170
003171
003172
003173
003176
003178
003180
003181
003182
003184
003185
003186
003187
003189
003190
003191
003192
003193
003194
003196
003198
003201
003203
003204
003205
003207
003208
003209
003211
003214
003216
003217
003219
003221
003223
003226
003227
003229
003230
003231
003232
003236
003237
003238
003239
003240
003241
003242
003243
003244
003245
003246
003249
003250
003251
003252
003253
003256
003258
003259
003260
003262
003263
003264
003265
003266
003267
003268
003269
003270
003272
003273
003274
003275
003279
003280
003281
003283
003284
003285
003287
003288
003289
003290
003291
003292
003295
003296
003299
003301
003303
003306
003308
003310
003311
003312
003313
003315
003316
003317
003318
003319
003320
003325
003327
003328
003329
003330
003331
003333
003334
003336
003337
003341
003342
003343
003344
003345
003349
003350
003351
003354
003355
003356
003357
003359
003360
003362
003364
003365
003366
003368
003369
003370
003372
003373
003376
003377
003378
003379
003380
003381
003382
003384
003385
003387
003388
003389
003390
003391
003392
003395
003396
003397
003401
003402
003403
003405
003409
003411
003412
003413
003416
003417
003419
003420
003421
003422
003423
003424
003425
003427
003430
003432
003433
003434
003435
003436
003437
003438
003439
003440
003443
003444
003446
003447
003448
003449
003450
003451
003452
003453
003457
003458
003460
003461
003462
003463
003464
003465
003466
003467
003471
003472
003473
003474
003475
003478
003479
003480
003481
003483
003485
003486
003488
003490
003491
003492
003496
003497
003500
003503
003504
003505
003506
003508
003509
003510
003511
003512
003514
003517
003521
003523
003524
003526
003527
003528
003529
003531
003532
003533
003534
003535
003536
003537
003538
003539
003540
003541
003542
003544
003546
003547
003552
003553
003554
003555
003556
003558
003559
003560
003562
003563
003564
003565
003566
003567
003568
003569
003572
003575
003577
003579
003580
003581
003583
003587
003588
003589
003590
003591
003592
003594
003595
003596
003598
003599
003604
003605
003606
003607
003610
003611
003612
003613
003614
003618
003620
003621
003622
003624
003626
003627
003628
003630
003631
003632
003633
003634
003635
003638
003640
003641
003642
003644
003646
003647
003648
003650
003651
003652
003654
003655
003656
003657
003658
003661
003662
003665
003668
003669
003671
003672
003674
003675
003677
003681
003682
003683
003684
003688
003689
003690
003691
003692
003693
003695
003697
003698
003699
003701
003704
003705
003707
003708
003709
003711
003712
003713
003714
003716
003717
003718
003719
003720
003722
003725
003727
003728
003729
003730
003731
003733
003735
003736
003738
003740
003741
003744
003745
003747
003748
003750
003751
003753
003756
003757
003758
003759
003760
003761
003764
003765
003767
003768
003769
003771
003772
003773
003776
003778
003779
003780
003781
003783
003784
003785
003787
003788
003789
003790
003791
003792
003793
003794
003795
003796
003797
003798
003800
003801
003803
003804
003805
003806
003807
003808
003809
003810
003811
003813
003814
003815
003816
003817
003818
003819
003820
003821
003823
003824
003825
003826
003828
003829
003830
003831
003832
003836
003837
003840
003842
003844
003845
003846
003848
003849
003851
003853
003855
003856
003857
003858
003859
003860
003861
003862
003864
003867
003868
003869
003871
003872
003873
003875
003877
003879
003881
003882
003883
003885
003888
003890
003892
003893
003895
003896
003897
003898
003900
003901
003902
003903
003904
003905
003907
003909
003910
003911
003913
003915
003917
003918
003920
003923
003924
003926
003927
003928
003930
003931
003932
003933
003934
003935
003936
003939
003940
003941
003944
003945
003947
003948
003952
003953
003954
003955
003956
003957
003958
003959
003961
003963
003964
003965
003966
003967
003968
003969
003970
003971
003972
003974
003975
003976
003977
003978
003979
003980
003982
003985
003986
003987
003988
003989
003990
003991
003992
003993
003994
003996
003997
004000
004001
004002
004003
004005
004007
004008
004009
004012
004013
004015
004017
004019
004020
004022
004023
004024
004026
004028
004030
004031
004032
004034
004035
004036
004039
004040
004041
004042
004043
004045
004046
004048
004049
004052
004053
004054
004056
004057
004062
004064
004065
004066
004068
004069
004071
004072
004074
004075
004076
004079
004081
004082
004084
004085
004087
004088
004089
004090
004091
004092
004093
004096
004097
004098
004101
004102
004103
004106
004108
004109
004110
004113
004115
004116
004119
004120
004121
004122
004123
004124
004125
004126
004128
004135
004136
004137
004138
004140
004141
004142
004144
004145
004146
004147
004148
004149
004150
004151
004152
004153
004154
004155
004156
004157
004158
004159
004160
004162
004163
004164
004165
004166
004167
004168
004169
004170
004172
004174
004175
004176
004177
004178
004179
004180
004182
004183
004184
004185
004186
004187
004188
004189
004190
004191
004192
004193
004194
004195
004196
004197
004198
004199
004200
004201
004202
004204
004205
004207
004208
004209
004210
004212
004213
004218
004219
004220
004221
004222
004223
004224
004227
004228
004231
004232
004233
004234
004235
004236
004238
004239
004240
004241
004242
004243
004244
004245
004246
004247
004248
004250
004251
004252
004253
004254
004256
004258
004259
004260
004261
004262
004263
004264
004265
004266
004267
004270
004271
004272
004273
004274
004275
004276
004279
004280
004281
004282
004283
004284
004285
004286
004287
004288
004289
004290
004291
004292
004295
004297
004298
004299
004302
004304
004305
004306
004307
004310
004311
004312
004314
004316
004317
004319
004320
004321
004322
004323
004324
004325
004327
004328
004329
004330
004331
004332
004333
004334
004335
004336
004337
004338
004339
004340
004341
004342
004344
004345
004346
004347
004348
004349
004351
004356
004357
004359
004360
004361
004362
004363
004365
004366
004368
004369
004371
004372
004374
004375
004376
004377
004378
004379
004380
004381
004382
004383
004384
004385
004386
004387
004388
004390
004391
004392
004395
004396
004397
004399
004400
004401
004402
004403
004404
004405
004406
004407
004408
004410
004411
004412
004414
004415
004417
004418
004420
004421
004422
004423
004424
004425
004426
004427
004428
004429
004430
004431
004433
004436
004437
004438
004439
004440
004441
004442
004444
004445
004447
004449
004450
004451
004453
004455
004457
004459
004460
004461
004463
004465
004466
004468
004469
004470
004471
004472
004475
004476
004477
004478
004479
004480
004482
004484
004486
004488
004489
004490
004491
004492
004493
004494
004495
004496
004497
004499
004501
004502
004503
004504
004505
004506
004507
004508
004510
004511
004512
004514
004516
004517
004518
004519
004520
004521
004524
004525
004526
004528
004529
004530
004532
004533
004534
004535
004536
004537
004538
004539
004540
004541
004542
004543
004544
004546
004547
004549
004550
004551
004553
004555
004556
004557
004558
004559
004562
004564
004565
004566
004567
004568
004569
004570
004571
004572
004574
004575
004576
004577
004578
004579
004580
004582
004583
004584
004585
004586
004587
004588
004589
004590
004591
004592
004593
004595
004596
004597
004598
004599
004600
004601
004602
004603
004604
004605
004608
004609
004610
004612
004613
004614
004615
004616
004617
004618
004619
004620
004621
004622
004624
004625
004627
004629
004630
004634
004636
004637
004638
004639
004640
004641
004642
004643
004644
004645
004646
004647
004648
004649
004651
004652
004653
004654
004655
004656
004657
004660
004661
004662
004665
004666
004667
004670
004671
004672
004673
004674
004675
004677
004678
004679
004680
004681
004682
004683
004684
004685
004687
004688
004689
004690
004691
004692
004693
004694
004695
004696
004697
004698
004700
004701
004704
004705
004707
004709
004710
004711
004712
004713
004714
004715
004716
004717
004718
004720
004721
004722
004723
004724
004726
004727
004728
004729
004731
004732
004733
004734
004735
004737
004742
004746
004747
004748
004749
004750
004751
004752
004753
004754
004759
004760
004761
004762
004763
004764
004765
004768
004769
004770
004772
004773
004776
004778
004779
004780
004781
004782
004783
004785
004787
004788
004789
004791
004792
004793
004794
004795
004798
004799
004800
004801
004802
004805
004806
004807
004808
004809
004810
004812
004813
004814
004815
004816
004817
004821
004822
004823
004824
004825
004826
004827
004829
004830
004831
004832
004835
004836
004837
004838
004839
004840
004841
004842
004844
004845
004847
004848
004849
004851
004852
004853
004854
004855
004856
004857
004858
004860
004863
004864
004866
004867
004868
004869
004870
004872
004873
004874
004875
004876
004877
004879
004882
004883
004885
004886
004887
004888
004889
004891
004894
004895
004896
004897
004898
004900
004902
004903
004905
004906
004907
004908
004909
004910
004912
004913
004914
004915
004916
004917
004918
004919
004920
004921
004922
004923
004925
004927
004928
004929
004930
004933
004935
004936
004937
004938
004940
004941
004942
004943
004944
004945
004946
004947
004949
004950
004951
004952
004953
004954
004956
004958
004960
004961
004962
004963
004964
004965
004966
004967
004968
004969
004970
004972
004973
004974
004975
004976
004978
004979
004980
004981
004982
004983
004984
004985
004986
004987
004988
004989
004990
004991
004992
004994
004995
004996
004997
004998
005000
005001
005002
005003
005004
005007
005008
005010
005011
005013
005014
005015
005016
005018
005020
005023
005024
005025
005026
005027
005028
005029
005031
005032
005033
005035
005036
005038
005039
005041
005042
005044
005045
005046
005048
005050
005051
005052
005054
005056
005057
005058
005060
005062
005063
005064
005065
005066
005068
005069
005070
005071
005072
005073
005074
005075
005078
005079
005080
005081
005083
005084
005085
005086
005087
005088
005089
005090
005092
005093
005094
005095
005096
005097
005099
005100
005101
005103
005104
005106
005108
005110
005111
005113
005114
005115
005116
005117
005118
005121
005122
005123
005124
005125
005126
005127
005128
005129
005130
005131
005132
005133
005134
005135
005137
005138
005139
005140
005141
005142
005143
005144
005145
005146
005147
005148
005149
005150
005151
005152
005153
005155
005157
005159
005160
005161
005162
005165
005166
005167
005168
005169
005170
005171
005173
005174
005175
005176
005177
005178
005180
005181
005182
005183
005184
005185
005187
005189
005191
005192
005193
005194
005196
005197
005198
005199
005200
005201
005202
005204
005205
005206
005207
005208
005209
005210
005211
005213
005214
005215
005216
005218
005219
005221
005222
005223
005224
005225
005226
005227
005228
005229
005230
005231
005232
005233
005234
005235
005236
005238
005239
005240
005241
005242
005243
005244
005245
005246
005247
005248
005249
005250
005251
005253
005255
005256
005259
005260
005261
005262
005264
005266
005267
005268
005269
005270
005271
005272
005273
005275
005276
005277
005278
005279
005280
005281
005282
005283
005284
005285
005286
005287
005288
005289
005290
005291
005292
005293
005295
005296
005297
005299
005302
005304
005305
005306
005309
005310
005311
005312
005313
005314
005316
005318
005319
005320
005321
005322
005323
005324
005326
005327
005328
005329
005330
005332
005333
005334
005335
005336
005337
005338
005339
005340
005341
005342
005343
005344
005345
005346
005347
005348
005349
005350
005352
005353
005354
005355
005356
005357
005358
005359
005360
005361
005363
005364
005365
005366
005367
005368
005369
005370
005371
005372
005375
005376
005377
005378
005381
005382
005383
005385
005387
005388
005389
005390
005391
005392
005393
005394
005395
005396
005397
005398
005400
005401
005402
005404
005406
005409
005412
005413
005414
005417
005418
005419
005420
005421
005423
005424
005425
005427
005428
005429
005430
005431
005432
005435
005436
005437
005438
005439
005440
005442
005443
005444
005446
005447
005450
005451
005452
005453
005454
005455
005457
005458
005459
005460
005462
005465
005466
005467
005469
005471
005472
005473
005474
005475
005476
005477
005478
005479
005480
005481
005484
005486
005487
005488
005489
005491
005492
005494
005495
005496
005497
005498
005499
005501
005502
005503
005506
005507
005509
005511
005512
005515
005516
005517
005518
005520
005521
005522
005523
005524
005526
005527
005529
005532
005533
005534
005535
005536
005537
005538
005540
005541
005543
005544
005545
005547
005548
005549
005550
005551
005554
005555
005556
005558
005559
005560
005561
005562
005563
005565
005566
005567
005568
005569
005570
005573
005574
005575
005576
005577
005579
005580
005582
005583
005584
005585
005586
005587
005588
005589
005591
005592
005593
005594
005595
005596
005597
005598
005599
005600
005601
005602
005603
005604
005605
005607
005608
005610
005612
005613
005614
005615
005616
005617
005618
005619
005620
005621
005623
005624
005626
005627
005631
005633
005634
005635
005636
005637
005638
005639
005640
005642
005643
005644
005647
005648
005649
005651
005652
005653
005654
005656
005657
005658
005659
005661
005663
005664
005665
005666
005668
005669
005672
005673
005674
005676
005677
005678
005679
005680
005681
005684
005685
005686
005687
005688
005690
005691
005692
005693
005694
005695
005696
005698
005699
005700
005701
005703
005705
005706
005707
005708
005709
005710
005711
005712
005713
005715
005716
005717
005718
005719
005722
005724
005725
005727
005728
005730
005731
005732
005733
005736
005737
005738
005741
005742
005743
005744
005746
005747
005748
005749
005751
005752
005753
005755
005756
005757
005759
005762
005764
005767
005768
005769
005770
005771
005773
005774
005775
005776
005778
005779
005781
005782
005783
005784
005785
005786
005787
005788
005789
005790
005791
005792
005793
005794
005795
005797
005798
005800
005802
005803
005804
005805
005807
005808
005810
005811
005812
005813
005815
005816
005817
005818
005819
005820
005821
005823
005825
005826
005827
005828
005829
005830
005831
005832
005833
005834
005835
005837
005838
005841
005842
005843
005844
005845
005846
005847
005848
005849
005851
005852
005855
005856
005857
005858
005859
005860
005861
005862
005863
005864
005865
005866
005867
005868
005869
005870
005871
005872
005873
005875
005877
005879
005880
005881
005882
005883
005884
005885
005886
005887
005888
005889
005890
005891
005892
005893
005894
005895
005896
005897
005899
005901
005902
005904
005906
005907
005908
005909
005910
005911
005912
005914
005915
005916
005917
005918
005919
005920
005922
005923
005925
005927
005929
005930
005934
005935
005936
005937
005938
005940
005942
005943
005945
005946
005947
005948
005949
005952
005953
005955
005956
005957
005958
005960
005962
005963
005964
005965
005966
005967
005968
005969
005970
005971
005973
005974
005975
005976
005979
005981
005983
005984
005986
005988
005989
005990
005992
005994
005995
005996
005997
005998
005999
006000
006001
006002
006003
006005
006006
006007
006008
006009
006010
006011
006012
006013
006014
006015
006016
006017
006018
006019
006020
006021
006022
006025
006026
006027
006029
006030
006033
006034
006036
006037
006038
006039
006041
006042
006043
006044
006045
006046
006047
006048
006049
006050
006052
006053
006054
006055
006056
006057
006058
006059
006062
006063
006064
006066
006067
006068
006069
006070
006071
006073
006076
006077
006078
006079
006080
006081
006082
006083
006084
006085
006086
006087
006089
006090
006091
006093
006094
006095
006096
006097
006098
006099
006100
006101
006102
006103
006104
006105
006106
006107
006109
006110
006111
006112
006113
006114
006116
006117
006118
006119
006120
006121
006123
006124
006125
006126
006127
006128
006132
006135
006137
006138
006139
006140
006141
006142
006143
006144
006147
006148
006149
006150
006151
006152
006153
006155
006157
006158
006159
006160
006161
006162
006164
006165
006166
006167
006168
006169
006171
006172
006173
006174
006178
006179
006181
006182
006183
006184
006185
006186
006187
006188
006190
006191
006192
006194
006195
006197
006198
006201
006202
006204
006205
006207
006208
006209
006210
006211
006212
006213
006214
006217
006221
006223
006224
006225
006226
006227
006229
006231
006232
006233
006234
006235
006236
006237
006239
006240
006242
006243
006244
006245
006247
006248
006249
006250
006251
006252
006253
006254
006255
006256
006257
006258
006259
006260
006261
006262
006263
006264
006265
006267
006268
006269
006270
006271
006273
006274
006276
006277
006278
006280
006283
006284
006285
006287
006288
006289
006290
006291
006292
006293
006294
006295
006296
006297
006299
006300
006301
006302
006303
006304
006305
006306
006307
006309
006310
006311
006312
006315
006316
006317
006318
006319
006320
006322
006323
006325
006326
006327
006328
006329
006330
006334
006335
006337
006339
006340
006341
006342
006343
006344
006345
006346
006347
006348
006349
006350
006352
006354
006355
006356
006357
006358
006359
006360
006361
006362
006363
006364
006365
006366
006369
006370
006371
006372
006373
006374
006375
006376
006379
006380
006383
006384
006385
006387
006389
006390
006391
006393
006394
006395
006397
006398
006399
006400
006401
006402
006403
006404
006405
006406
006407
006408
006409
006410
006411
006412
006414
006415
006416
006417
006418
006420
006422
006424
006426
006427
006428
006429
006430
006431
006432
006433
006434
006435
006436
006437
006438
006439
006441
006442
006443
006444
006448
006449
006450
006451
006453
006454
006455