002740
002741
002751
002754
002761
002763
002764
002765
002766
002767
002778
002779
002786
002787
002794
002798
002802
002803
002806
002808
002810
002811
002815
002823
002824
002827
002828
002829
002835
002838
002840
002841
002842
002845
002864
002896
002909
002919
002920
002921
002922
002925
002929
002932
002936
002937
002938
002939
002940
002952
002953
002955
002956
002958
002960
002964
002966
002967
002969
002970
002972
002973
002975
002985
002988
002992
002993
002994
003001
003004
003005
003008
003012
003014
003015
003020
003021
003023
003028
003030
003031
003033
003037
003038
003039
003046
003047
003050
003051
003058
003059
003071
003075
003082
003083
003084
003091
003092
003093
003094
003103
003111
003120
003121
003123
003124
003125
003142
003145
003146
003155
003159
003164
003169
003174
003175
003177
003179
003183
003188
003195
003197
003199
003200
003202
003206
003210
003212
003213
003215
003218
003220
003222
003224
003225
003228
003233
003234
003235
003247
003248
003254
003255
003257
003261
003271
003276
003277
003278
003282
003293
003294
003297
003298
003300
003302
003304
003305
003307
003309
003314
003321
003322
003323
003324
003326
003332
003335
003338
003339
003340
003346
003347
003348
003352
003353
003358
003363
003367
003371
003374
003375
003383
003386
003393
003394
003398
003399
003400
003404
003406
003407
003408
003410
003414
003415
003418
003426
003428
003429
003431
003441
003442
003445
003454
003455
003456
003459
003468
003469
003470
003476
003477
003482
003484
003487
003489
003493
003494
003495
003498
003499
003501
003502
003507
003513
003515
003516
003518
003519
003520
003522
003525
003530
003543
003545
003548
003549
003550
003551
003557
003561
003570
003571
003573
003574
003576
003578
003582
003584
003585
003586
003593
003597
003600
003601
003602
003603
003608
003609
003615
003616
003617
003619
003623
003625
003636
003637
003639
003643
003645
003649
003653
003659
003660
003663
003664
003666
003667
003670
003673
003676
003678
003679
003680
003685
003686
003687
003694
003696
003700
003702
003703
003706
003710
003715
003721
003723
003724
003726
003732
003734
003737
003739
003742
003743
003746
003749
003752
003754
003755
003762
003763
003766
003770
003774
003775
003777
003782
003786
003799
003802
003812
003822
003827
003833
003834
003835
003838
003839
003841
003843
003847
003850
003852
003854
003863
003865
003866
003870
003874
003876
003878
003880
003884
003886
003887
003889
003891
003894
003899
003906
003908
003912
003914
003916
003919
003921
003922
003925
003929
003937
003938
003942
003943
003946
003949
003950
003951
003960
003962
003973
003981
003983
003984
003995
003998
003999
004004
004006
004010
004011
004014
004016
004018
004021
004025
004027
004029
004033
004037
004038
004044
004047
004050
004051
004055
004058
004059
004060
004061
004063
004067
004070
004073
004077
004078
004080
004083
004086
004094
004095
004099
004100
004104
004105
004107
004111
004112
004114
004117
004118
004127
004129
004130
004131
004132
004133
004134
004139