000001
000002
000005
000006
000008
000013
000014
000022
000024
000025
000026
000028
000029
000032
000035
000038
000039
000041
000042
000047
000051
000052
000060
000066
000075
000079
000080
000081
000082
000083
000086
000093
000096
000100
000101
000102
000105
000108
000109
000110
000111
000113
000117
000118
000122
000123
000127
000128
000130
000131
000133
000145
000146
000147
000151
000153
000156
000158
000162
000163
000164
000166
000168
000171
000174
000175
000177
000180
000181
000186
000187
000189
000190
000192
000203
000205
000207
000208
000210
000213
000214
000221
000229
000232
000233
000234
000235
000237
000239
000240
000241
000242
000244
000247
000248
000249
000254
000255
000258
000259
000260
000262
000263
000268
000271
000276
000278
000280
000281
000282
000283
000284
000286
000290
000291
000292
000297
000298
000300
000305
000308
000310
000311
000317
000320
000321
000322
000326
000328
000329
000330
000335
000339
000343
000347
000350
000354
000355
000356
000358
000367
000371
000372
000377
000378
000379
000382
000383
000384
000386
000391
000392
000394
000396
000397
000401
000403
000405
000409
000413
000416
000417
000418
000419
000421
000424
000425
000432
000435
000436
000438
000442
000443
000444
000447
000449
000453
000456
000458
000460
000462
000465
000468
000469
000472
000473
000474
000478
000491
000492
000494
000495
000497
000498
000508
000510
000511
000512
000514
000515
000516
000517
000521
000522
000525
000535
000536
000541
000542
000544
000546
000550
000551
000554
000555
000557
000561
000566
000569
000571
000574
000579
000582
000585
000589
000590
000591
000596
000598
000602
000603
000604
000606
000608
000610
000617
000619
000622
000624
000625
000626
000627
000629
000633
000634
000636
000644
000646
000647
000651
000652
000653
000655
000657
000660
000661
000662
000665
000666
000669
000670
000674
000675
000676
000677
000681
000682
000687
000695
000697
000700
000704
000712
000720
000721
000725
000731
000734
000739
000740
000744
000751
000755
000761
000777
000778
000779
000784
000785
000787
000791
000796
000807
000812
000814
000815
000816
000817
000820
000823
000824
000827
000828
000832
000833
000836
000843
000846
000847
000852
000858
000860
000862
000864
000866
000867
000868
000870
000871
000873
000875
000876
000877
000878
000881
000884
000891
000892
000895
000896
000897
000898
000899
000902
000903
000905
000906
000911
000913
000914
000917
000918
000920
000922
000929
000931
000932
000933
000937
000938
000942
000946
000947
000952
000953
000959
000960
000961
000962
000963
000968
000969
000974
000975
000977
000978
000979
000980
000986
000991
000992
000994
000995
000998
000999
001000
001002
001003
001005
001007
001008
001010
001011
001012
001014
001015
001016
001018
001020
001022
001023
001024
001028
001029
001033
001043
001049
001053
001058
001061
001062
001065
001068
001069
001070
001072
001074
001076
001078
001081
001083
001084
001085
001086
001087
001092
001093
001096
001097
001099
001105
001106
001111
001112
001115
001117
001124
001126
001127
001130
001131
001133
001135
001137
001138
001139
001140
001141
001142
001143
001145
001152
001154
001162
001164
001165
001167
001168
001170
001175
001178
001180
001181
001185
001191
001198
001200
001202
001205
001207
001211
001215
001216
001218
001220
001222
001223
001224
001226
001228
001230
001232
001235
001236
001239
001241
001244
001248
001250
001259
001262
001266
001271
001274
001275
001276
001277
001280
001281
001284
001285
001286
001288
001289
001292
001295
001299
001300
001306
001309
001319
001320
001322
001326
001327
001328
001331
001334
001336
001338
001340
001344
001346
001352
001353
001354
001355
001356
001359
001360
001366
001372
001375
001376
001377
001378
001380
001382
001384
001389
001393
001394
001397
001404
001405
001407
001408
001410
001411
001413
001414
001415
001416
001420
001422
001428
001429
001430
001432
001433
001438
001439
001440
001447
001448
001450
001451
001453
001455
001457
001465
001470
001474
001477
001481
001482
001483
001486
001491
001493
001494
001504
001510
001512
001513
001515
001516
001517
001521
001527
001529
001531
001533
001537
001541
001548
001549
001550
001552
001554
001556
001557
001558
001560
001562
001563
001565
001566
001568
001572
001576
001577
001582
001588
001592
001595
001597
001599
001613
001619
001620
001621
001623
001624
001632
001634
001635
001636
001637
001642
001643
001646
001648
001649
001653
001656
001661
001663
001664
001666
001667
001669
001672
001682
001683
001686
001688
001689
001692
001697
001699
001703
001705
001712
001716
001717
001718
001720
001722
001726
001728
001729
001731
001732
001733
001734
001741
001747
001751
001754
001755
001756
001760
001761
001762
001764
001765
001766
001775
001778
001779
001780
001783
001784
001785
001786
001787
001794
001798
001801
001809
001811
001812
001815
001821
001826
001837
001839
001843
001846
001849
001857
001858
001860
001862
001863
001864
001865
001869
001872
001876
001877
001879
001880
001881
001883
001884
001885
001891
001893
001894
001898
001902
001903
001904
001908
001912
001914
001917
001926
001927
001930
001933
001936
001937
001938
001939
001941
001944
001946
001947
001952
001953
001966
001971
001980
001981
001984
001985
001988
001989
001990
001993
001997
001999
002001
002007
002008
002016
002021
002024
002029
002031
002044
002050
002051
002059
002060
002064
002066
002067
002069
002070
002072
002077
002079
002080
002086
002087
002093
002094
002099
002105
002107
002108
002109
002111
002118
002119
002121
002129
002135
002137
002138
002141
002143
002144
002150
002161
002166
002167
002168
002172
002175
002178
002181
002182
002187
002191
002193
002194
002196
002197
002199
002202
002205
002207
002208
002209
002211
002212
002214
002215
002216
002220
002223
002225
002229
002232
002233
002234
002236
002237
002239
002240
002244
002249
002251
002253
002254
002256
002259
002260
002261
002263
002266
002268
002269
002271
002273
002276
002279
002281
002288
002293
002294
002297
002298
002299
002300
002306
002315
002318
002320
002321
002323
002329
002332
002333
002338
002339
002345
002346
002347
002349
002356
002358
002359
002360
002364
002365
002366
002371
002372
002378
002382
002390
002392
002393
002394
002396
002397
002401
002409
002410
002413
002415
002416
002418
002420
002425
002430
002432
002437
002439
002440
002442
002444
002446
002453
002460
002463
002465
002467
002469
002470
002472
002473
002475
002480
002482
002484
002488
002489
002494
002495
002498
002499
002500
002503
002505
002506
002507
002512
002513
002516
002525
002527
002530
002533
002535
002537
002540
002545
002551
002552
002553
002561
002563
002564
002567
002568
002569
002570
002572
002574
002575
002577
002580
002581
002584
002585
002592
002595
002596
002597
002599
002600
002603
002611
002615
002617
002618
002619
002621
002622
002625
002626
002632
002634
002636
002646
002648
002649
002653
002654
002657
002660
002661
002666
002669
002675
002676
002684
002687
002690
002695
002696
002700
002701
002702
002706
002709
002713
002721
002723
002724
002728
002731
002733
