004143
004161
004171
004173
004181
004203
004206
004211
004214
004215
004216
004217
004225
004226
004229
004230
004237
004249
004255
004257
004268
004269
004277
004278
004293
004294
004296
004300
004301
004303
004308
004309
004313
004315
004318
004326
004343
004350
004352
004353
004354
004355
004358
004364
004367
004370
004373
004389
004393
004394
004398
004409
004413
004416
004419
004432
004434
004435
004443
004446
004448
004452
004454
004456
004458
004462
004464
004467
004473
004474
004481
004483
004485
004487
004498
004500
004509
004513
004515
004522
004523
004527
004531
004545
004548
004552
004554
004560
004561
004563
004573
004581
004594
004606
004607
004611
004623
004626
004628
004631
004632
004633
004635
004650
004658
004659
004663
004664
004668
004669
004676
004686
004699
004702
004703
004706
004708
004719
004725
004730
004736
004738
004739
004740
004741
004743
004744
004745
004755
004756
004757
004758
004766
004767
004771
004774
004775
004777
004784
004786
004790
004796
004797
004803
004804
004811
004818
004819
004820
004828
004833
004834
004843
004846
004850
004859
004861
004862
004865
004871
004878
004880
004881
004884
004890
004892
004893
004899
004901
004904
004911
004924
004926
004931
004932
004934
004939
004948
004955
004957
004959
004971
004977
004993
004999
005005
005006
005009
005012
005017
005019
005021
005022
005030
005034
005037
005040
005043
005047
005049
005053
005055
005059
005061
005067
005076
005077
005082
005091
005098
005102
005105
005107
005109
005112
005119
005120
005136
005154
005156
005158
005163
005164
005172
005179
005186
005188
005190
005195
005203
005212
005217
005220
005237
005252
005254
005257
005258
005263
005265
005274
005294
005298
005300
005301
005303
005307
005308
005315
005317
005325
005331
005351
005362
005373
005374
005379
005380
005384
005386
005399
005403
005405
005407
005408
005410
005411
005415
005416
005422
005426
005433
005434
005441
005445
005448
005449
005456
005461
005463
005464
005468
005470
005482
005483
005485
005490
005493
005500
005504
005505
005508
005510
005513
005514
005519
005525
005528
005530
005531
005539
005542
005546
005552
005553
005557
005564
005571
005572
005578
005581
005590
005606
005609
005611
005622
005625
005628
005629
005630
005632
005641
005645
005646
005650
005655
005660
005662
005667
005670
005671
005675
005682
005683
005689
005697
005702
005704
005714
005720
005721
005723
005726
005729
005734
005735
005739
005740
005745
005750
005754
005758
005760
005761
005763
005765
005766
005772
005777
005780
005796
005799
005801
005806
005809
005814
005822
005824
005836
005839
005840
005850
005853
005854
005874
005876
005878
005898
005900
005903
005905
005913
005921
005924
005926
005928
005931
005932
005933
005939
005941
005944
005950
005951
005954
005959
005961
005972
005977
005978
005980
005982
005985
005987
005991
005993
006004
006023
006024
006028
006031
006032
006035
006040
006051
006060
006061
006065
006072
006074
006075
006088
006092
006108
006115
006122
006129
006130
006131
006133
006134
006136
006145
006146
006154
006156
006163
006170
006175
006176
006177
006180
006189
006193
006196
006199
006200
006203
006206
006215
006216
006218
006219
006220
006222
006228
006230
006238
006241
006246
006266
006272
006275
006279
006281
006282
006286
006298
006308
006313
006314
006321
006331
006332
006333
006336
006338
006351
006353
006367
006368
006377
006378
006381
006382
006386
006388
006392
006396
006413
006419
006421
006423
006425
006440
006445
006446
006447
006452
006922
006691
006523
006629
006482
006566
006914
006618
006781
006777
006578
006699
006739
006929
006631
006703
006925
006716
006607
006735
006873
006948
006750
006457
006830
006564
006867
006671
006468
006528
006856
006681
006484
006474
006761
006846
006946
006899
006845
006628
006673
006875
006868
006696
006586
006762
006881
006679
006588
006727
006542
006477
006729
006603
006911
006478
006807
006742
006686
006670
006737
006575
006769
006654
006865
006840
006848
006772
006912
006758
006535
006800
006798
006785
006547
006455
006876
006592
006747
006943
006496
006928
006869
006707
006524
006616
006470
006599
006721
006796
006941
006720
006700
006726
006863
006714
006476
006572
006858
006453
006695
006885
006514
006752
006937
006933
006515
006546
006898
006580
006570
006878
006664
006497
006597
006595
006837
006594
006676
006883
006682
006771
006621
006502
006864
006458
006836
006755
006880
006545
006541
006505
006511
006723
006760
006500
006584
006701
006635
006625
006877
006794
006789
006459
006589
006753
006718
006454
006839
006855
006778
006832
006543
006568
006652
006902
006847
006934
006556
006776
006507
006503
006745
006871
006519
006843
006823
006650
006554
006923
006516
006648
006917
006799
006932
006913
006549
006938
006576
006743
006678
006780
006456
006643
006612
006824
006479
006550
006820
006722
006461
006462
006872
006921
006891
006469
006783
006684
006475
006538
006792
006553
006577
006529
006811
006677
006639
006614
006818
006900
006854
006539
006634
006812
006647
006498
006663
006705
006851
006587
006471
006581
006770
006842
006782
006779
006521
006802
006719
006555
006704
006768
006909
006940
006805
006740
006764
006489
006828
006892
006526
006472
006749
006598
006583
006767
006579
006907
006491
006644
006591
006606
006483
006537
006926
006759
006574
006821
006495
006561
006649
006814
006602
006942
006481
006709
006683
006920
006590
006886
006788
006525
006773
006626
006642
006903
006803
006487
006531
006766
006637
006506
006540
006666
006725
006488
006565
006493
006816
006936
006480
006827
006882
006660
006797
006857
006751
006831
006927
006787
006494
006638
006697
006651
006641
006829
006790
006486
006815
006834
006464
006582
006622
006746
006702
006596
006593
006645
006512
006662
006890
006563
006463
006536
006859
006655
006633
006694
006866
006874
006901
006819
006557
006559
006939
006708
006624
006825
006600
006860
006667
006924
006918
006640
006658
006530
006688
006741
006895
006904
006610
006733
006467
006736
006765
006518
006509
006460
006527
006711
006838
006817
006692
006945
006513
006905
006841
006674
006889
006757
006861
006910
006685
006551
006661
006809
006919
006569
006896
006908
006544
006732
006611
006712
006504
006806
006763
006710
006786
006636
006906
006734
006844
006833
006730
006717
006715
006930
006893
006558
006522
006935
006490
006862
006748
006627
006646
006562
006713
006659
006849
006822
006944
006853
006813
006617
006689
006795
006552
006609
006499
006897
006508
006604
006533
006852
006888
006657
006601
006693
006931
006680
006687
006724
006915
006793
006804
006744
006534
006808
006571
006548
006791
006728
006560
006675
006665
006485
006774
006656
006620
006466
006653
006623
006835
006605
006706
006756
006573
006775
006810
006608
006613
006630
006669
006850
006619
006754
006698
006870
006826
006465
006894
006916
006517
006585
006668
006690
006879
006473
006947
006567
006731
006492
006672
006801
006738
006510
006520
006887
006532
006501
